003825873323
003996378505
007231155596
007347951305
012281489406
012975247240
014019770413
014128743607
014788037361
014788039849
015015202881
016450508230
020635314880
021550066838
022397303825
022646666845
029339968808
032211981836
033601478803
038258733235
038258733237
038258733239
039963785053
039963785054
039963785057
041107959829
041356742831
042630077861
042890755843
044333812844
045881113888
046334366866
046688901240
046688902012
046688902546
046688904551
047624611805
047765643860
048150097830
049891247821
050122814894
050874291810
050940089866
051117496830
052120905800
054504668890
054631133864
055798312852
057162283802
057275451883
057710768806
057890081863
063531488013
063531488041
063531488070
072311555960
072311555961
072311555966
072311555968
073479513051
073479513052
073479513054
073479513055
073479513057
073479513058
079598294199
079598297232
079598299296
079598299683
087429181009
087429181074
094008986646
107688061050
107688062165
107688067052
107959829203
107959829817
107959829877
110795982934
110795982938
110795982940
111749683006
111749683057
117496830034
117496830206
119818362762
119818365158
119818368450
120905800816
120905800951
122814894111
122814894342
128743607047
128743607340
128743607742
129752472400
129752472405
129752472406
129752472407
129752472408
129752472409
135674283101
135674283105
135674283196
135674283197
140197704130
140197704131
140197704133
140197704136
141287436070
141287436072
141287436074
141287436075
141287436078
150097830980
150152028814
150152028816
150152028819
152028810642
152028810899
152028817449
155006683856
162283802097
162283802344
162283802607
162283802887
164505082301
164505082304
174968300530
174968305180
206353148805
209058002927
209058006937
209058008277
211981836348
211981836781
212090580021
212090580084
215500668385
215500668389
221198183602
221198183622
221198183645
221198183695
223973038250
223973038251
223973038253
223973038256
226466668458
228148941537
228148943819
228148943833
228148946456
228148949200
231155596030
239730382540
239730382550
239730382575
239730382592
246118057044
246118057340
258733232044
258733233208
258733235602
258733238869
263007786146
263007786194
264666684503
264666684521
264666684532
275451883016
275451883043
287436072235
287436075586
289075584330
289075584346
289075584367
293399688081
293399688082
293399688087
293399688089
297524724029
297524724079
300778617652
311338640824
311338641860
311338643045
311338646165
311338649015
311555961591
311555963865
311555965355
311555966060
311555967065
322119818364
322119818365
322119818366
333812844752
333812844869
334366866213
334366866407
334366866458
334366866871
334366866954
336014788031
336014788036
338128441042
338128441521
338128444956
338128447744
339968808769
343668668831
353148802007
353148802077
353148806335
353148807547
360147880372
360147880377
360147880381
382587332328
382587332350
382587332362
382587332363
382587332393
397303825526
397303825572
399637850510
399688088869
400898660810
400898663546
400898664034
401977041390
411079598290
411079598291
411079598295
411079598296
412874360731
412874360742
412874360775
412874360789
413567428310
413567428311
413567428315
413567428316
413567428317
419238007411
426300778610
426300778612
426300778615
426300778617
428907558432
428907558433
428907558434
428907558436
428907558438
428907558439
433381284409
443338128440
443338128443
443338128445
443338128446
443338128447
443338128449
450466889075
450466889079
450508230253
450508230712
458811138882
458811138887
458811138888
463113386441
463113386450
463113386484
463343668663
463343668665
463343668669
466668454087
466668459427
474192380027
476246118050
476246118052
476246118053
476246118055
476246118057
476246118059
477656438600
477656438601
477656438602
477656438603
477656438605
477656438607
477656438608
477656438609
479513050439
479513051239
479513051766
479513056449
481500978300
481500978303
481500978304
481500978306
498912478214
498912478215
498912478216
498912478217
498912478219
500668384015
500668386672
500668389740
500978305157
500978308540
500978309396
500978309958
501228148940
501228148941
501228148946
501228148948
501520288100
501520288122
501520288173
501520288183
501520288184
504668890570
504668890960
505082303289
505082305275
508742918100
508742918109
509400898661
509400898668
511174968301
511174968304
511174968305
511174968308
521209058001
521209058005
521209058007
521209058009
545046688900
545046688903
545046688904
545046688907
546311338644
546311338648
546311338649
547419238008
550066838157
550066838164
550066838250
550066838621
550066838948
557983128524
557983128525
557983128526
567428310035
567428314331
567428314860
571622838021
571622838025
571622838027
572754518831
572754518833
572754518835
572754518837
577107688066
577107688069
578900818631
578900818632
578900818635
578900818636
578900818639
588111388860
588111388890
601478803147
601478803274
622838020132
622838023000
622838025668
622838029183
630077861875
631133864374
631133864882
633436686601
633436686604
633436686619
633436686673
635314880406
645050823009
645050823048
645050823087
646666845383
646666845445
656438602111
656438604501
710768806528
716228380246
716228380271
716228380272
716228380284
723115559600
723115559618
723115559637
723115559678
727545188357
727545188371
727545188384
734795130516
734795130533
734795130591
741923800686
742918105373
752472402387
752472404521
752472409833
754518839712
762461180530
765643860006
765643860309
771076880610
771076880628
776564386088
789008186328
789008186382
798312852807
811138880562
811138884513
811138887817
815009783064
815009783080
825873323470
825873323811
825873323964
881113888025
881113888031
881113888588
890755843035
890755843898
891247821124
891247821670
900818634911
907558430258
907558430882
907558439597
912478210643
912478211795
912478213588
933996880805
933996880842
933996880871
933996880875
933996880885
963785050221
963785052825
963785053234
973038252954
973038253587
973038254474
973038255439
973038256550
975247240243
975247240271
975247240713
975247240746
983128522821
983128524607
983128529207
996378505538
996378505850